# [1] m:            [M_sun/h] 
# [2] sigma 
# [3] ln(1/sigma) 
# [4] n_eff 
# [5] f(sigma) 
# [6] dn/dm:        [h^4/(Mpc^3*M_sun)] 
# [7] dn/dlnm:      [h^3/Mpc^3] 
# [8] dn/dlog10m:   [h^3/Mpc^3] 
# [9] n(>m):        [h^3/Mpc^3] 
# [11] rho(>m):     [M_sun*h^2/Mpc^3] 
# [11] rho(<m):     [M_sun*h^2/Mpc^3] 
# [12] Lbox(N=1):   [Mpc/h]
1.000000000000000000e+10 3.814149197535317448e+00 -1.338717624802036932e+00 -2.368626576956247121e+00 3.198673040462150508e-01 2.959481661893877164e-11 2.959481661893877402e-01 6.814458357666087762e-01 3.482119296682518184e-01 5.789452567924649048e+10 3.003014632075349426e+10 1.421408095861320220e+00
1.122018454301965332e+10 3.768051445016417755e+00 -1.326558009756905410e+00 -2.363931265716672669e+00 3.230027253792807640e-01 2.391496456847258079e-11 2.683303157980387321e-01 6.178533851549486977e-01 3.157294491452130036e-01 5.755085349525563812e+10 3.037381850474434662e+10 1.468571072588362503e+00
1.258925411794171333e+10 3.722172683812813965e+00 -1.314307552579829785e+00 -2.359198257111080999e+00 3.261731206370811487e-01 1.932552760977691878e-11 2.432939780427803567e-01 5.602050870565267182e-01 2.862779873399262653e-01 5.720122866522848511e+10 3.072344333477149963e+10 1.517297288020543311e+00
1.412537544622761154e+10 3.676514866353191469e+00 -1.301965256261683690e+00 -2.354379244003790728e+00 3.293782384114715134e-01 1.561823283756119986e-11 2.206134026371527612e-01 5.079811322270012530e-01 2.595733318578382076e-01 5.684552895494287872e+10 3.107914304505710602e+10 1.567641105738236895e+00
1.584893192461123848e+10 3.631080337537084368e+00 -1.289530217645182608e+00 -2.349493421243710856e+00 3.326177363271619614e-01 1.262282621601485368e-11 2.000583133938174940e-01 4.606512901501352286e-01 2.353575212984098941e-01 5.648362257617088318e+10 3.144104942382910156e+10 1.619660432824843621e+00
1.778279410038937378e+10 3.585870726245257156e+00 -1.277001324964053719e+00 -2.344567565286628685e+00 3.358912546702036428e-01 1.020201909747807017e-11 1.814204050186927486e-01 4.177359201609840977e-01 2.133978410406320025e-01 5.611538900629254913e+10 3.180928299370743561e+10 1.673413723324113533e+00
1.995262314968899155e+10 3.540887289761135204e+00 -1.264377342564194873e+00 -2.339612589439322043e+00 3.391983894253840504e-01 8.245406539267310680e-12 1.645174893939819472e-01 3.788155186153888687e-01 1.934840550712227658e-01 5.574071712772389221e+10 3.218395487227609253e+10 1.728959975575327768e+00
2.238721138568365097e+10 3.496131690675199799e+00 -1.251657126041268775e+00 -2.334577333440603919e+00 3.425386301545444989e-01 6.664485899434929079e-12 1.491992546075577852e-01 3.435439795451857847e-01 1.754250676172084689e-01 5.535948325331029510e+10 3.256518874668968964e+10 1.786361907072296473e+00
2.511886431509613037e+10 3.451606373779245729e+00 -1.238839738266154011e+00 -2.329457072263759088e+00 3.459113228002415608e-01 5.387048318779208393e-12 1.353165357782816491e-01 3.115778381186667945e-01 1.590470221756122293e-01 5.497154642506902313e+10 3.295312557493096161e+10 1.845687421927491023e+00
2.818382931264495468e+10 3.407313202485815928e+00 -1.225924063565969169e+00 -2.324289776087204551e+00 3.493157642884816561e-01 4.354498867952456554e-12 1.227264528364777202e-01 2.825881008173104503e-01 1.441928737022128704e-01 5.457677401910619354e+10 3.334789798089379120e+10 1.907006035688995516e+00
3.162277660168431091e+10 3.363253544775070658e+00 -1.212908822356072447e+00 -2.319093011760255507e+00 3.527511919701572518e-01 3.519782177103829093e-12 1.113052854731444302e-01 2.562898911019090842e-01 1.307209239042324278e-01 5.417504869983606720e+10 3.374962330016391754e+10 1.970387439798801932e+00
3.548133892335818481e+10 3.319428808524933938e+00 -1.199792722501830999e+00 -2.313829576203429106e+00 3.562167362097808376e-01 2.845154280208393913e-12 1.009498833053172201e-01 2.324456964383119217e-01 1.185025342157269429e-01 5.376624663713133240e+10 3.415842536286865234e+10 2.035904742392583344e+00
3.981071705535050964e+10 3.275841363350142643e+00 -1.186574740932555994e+00 -2.308465605158090739e+00 3.597113377010758839e-01 2.299997788771308978e-12 9.156456119670640381e-02 2.108351936580772079e-01 1.074205119633172556e-01 5.335022201771544647e+10 3.457444998228453827e+10 2.103637612929187384e+00
4.466835921509725952e+10 3.232493350210257965e+00 -1.173253774495559343e+00 -2.303044917179147166e+00 3.632338310444524487e-01 1.859304787039775671e-12 8.305209411784261753e-02 1.912345138576828918e-01 9.736876927542328919e-02 5.292683121273166656e+10 3.499784078726831818e+10 2.173669140671387723e+00
5.011872336272837830e+10 3.189386255058476394e+00 -1.159828501752772967e+00 -2.297586744391761471e+00 3.667829722542722548e-01 1.503008271996268582e-12 7.532885579607340176e-02 1.734511004283367519e-01 8.825162891827283140e-02 5.249594922076546478e+10 3.542872277923451996e+10 2.246082771411291201e+00
5.623413251903628540e+10 3.146521346639304717e+00 -1.146297508210783134e+00 -2.292078530555127447e+00 3.703573958122267640e-01 1.214970160147387584e-12 6.832279299240293091e-02 1.573190446560250588e-01 7.998237529116382361e-02 5.205745302765837097e+10 3.586721897234161377e+10 2.320964872366686027e+00
6.309573444802097321e+10 3.103900757868064630e+00 -1.132659629473526719e+00 -2.286463375488947847e+00 3.739555135549286757e-01 9.821904720124085615e-13 6.197202919947130545e-02 1.426958706172943570e-01 7.248200240933086458e-02 5.161119800855204773e+10 3.631347399144793701e+10 2.398409150289316116e+00
7.079457843841575623e+10 3.061526875338631104e+00 -1.118913770384563744e+00 -2.280772948223436458e+00 3.775755517163758013e-01 7.940162415663903385e-13 5.621204509494789198e-02 1.294330170823360937e-01 6.567878021684013523e-02 5.115703159256069183e+10 3.676764040743929291e+10 2.478515507347314184e+00
7.943282347243049622e+10 3.019401318675859702e+00 -1.105058572885807333e+00 -2.275036595414714924e+00 3.812156268143384596e-01 6.418688293263670520e-13 5.098545341233693545e-02 1.173983449867894435e-01 5.950799616511202178e-02 5.069482064521950531e+10 3.722985135478047943e+10 2.561385173038239316e+00
8.912509381337731934e+10 2.977525342986356627e+00 -1.091092533709451917e+00 -2.269263696361264238e+00 3.848737016897598173e-01 5.188459456117040992e-13 4.624219357733359154e-02 1.064765855985133347e-01 5.391112290047947453e-02 5.022444520287734222e+10 3.770022679712264252e+10 2.647121491998790432e+00
1.000000000000032654e+11 2.935900747051371606e+00 -1.077014304680636414e+00 -2.263387292553026953e+00 3.885474933770113326e-01 4.194139050143124355e-13 4.194139050143261271e-02 9.657362054804080609e-02 4.883486774681564113e-02 4.974576775949734497e+10 3.817890424050263977e+10 2.735835588640145311e+00
1.122018454302001953e+11 2.894530037659115429e+00 -1.062822761978020392e+00 -2.257412200682141545e+00 3.922344419563025819e-01 3.390416416485774180e-13 3.804109787065500931e-02 8.759286487809776756e-02 4.423070561116219240e-02 4.925863168098121643e+10 3.866604031901876831e+10 2.827648209162173298e+00
1.258925411794212494e+11 2.853415022297854264e+00 -1.048516530385725787e+00 -2.251382638321648422e+00 3.959318201395179426e-01 2.740563111893455343e-13 3.450164544188497051e-02 7.944297447825030001e-02 4.005480962725350980e-02 4.876289770543723297e+10 3.916177429456275177e+10 2.922683420898711137e+00
1.412537544622807312e+11 2.812557019110743184e+00 -1.034094040786632140e+00 -2.245319877628265459e+00 3.996367015044571258e-01 2.215071674064867904e-13 3.128871903647120062e-02 7.204493803225761606e-02 3.626761181449082716e-02 4.825845030736279297e+10 3.966622169263719177e+10 3.021066931291538360e+00
1.584893192461175842e+11 2.771957489221911874e+00 -1.019553745431531322e+00 -2.239168028696479240e+00 4.033458876863785791e-01 1.790300339238846181e-13 2.837434820120580958e-02 6.533435119151892456e-02 3.283312958389642683e-02 4.774516493659306335e+10 4.017950706340692139e+10 3.122932325484858662e+00
1.778279410038995667e+11 2.731618878351304236e+00 -1.004894429177453974e+00 -2.232894681019782723e+00 4.070558126288553180e-01 1.446999767310386970e-13 2.573169892539279094e-02 5.924942636302035076e-02 2.971853514503295865e-02 4.722288992810485077e+10 4.070178207189513397e+10 3.228426229208120724e+00
1.995262314968964539e+11 2.691543234317220978e+00 -9.901147221695277834e-01 -2.226556205411349243e+00 4.107626498178071350e-01 1.169443414893549807e-13 2.333346375225715461e-02 5.372728580386423869e-02 2.689411734086085554e-02 4.669148476908485413e+10 4.123318723091513062e+10 3.337702070964854606e+00
2.238721138568438416e+11 2.651731954131027802e+00 -9.752129941124551005e-01 -2.220176215681498810e+00 4.144623179457780915e-01 9.450200762691896912e-14 2.115636421115392810e-02 4.871432885455577455e-02 2.433307697440036804e-02 4.615084020306513977e+10 4.177383179693484497e+10 3.450915485479350675e+00
2.511886431509695129e+11 2.612186257609462547e+00 -9.601875172981469975e-01 -2.213728104436146538e+00 4.181504176712541598e-01 7.635980206344110284e-14 1.918071507159237188e-02 4.416522859681482061e-02 2.201108803811611253e-02 4.560085061252831268e+10 4.232382138747167206e+10 3.568229913514081364e+00
2.818382931264587402e+11 2.572908339060444582e+00 -9.450369085144280090e-01 -2.207145138974002663e+00 4.218221024210347392e-01 6.169962601879019604e-14 1.738931728367667032e-02 4.004038275473761899e-02 1.990594775432730917e-02 4.504138268809302521e+10 4.288328931190695953e+10 3.689824526989533560e+00
3.162277660168534546e+11 2.533900483673447113e+00 -9.297598087021328173e-01 -2.200476310673124214e+00 4.254721380506188422e-01 4.984963333887942941e-14 1.576383818751310104e-02 3.629757881893794919e-02 1.799749871498542916e-02 4.447230230325656128e+10 4.345236969674342346e+10 3.815890902453214384e+00
3.548133892335934448e+11 2.495164166905887271e+00 -9.143545253979379339e-01 -2.193754314088026014e+00 4.290949644628865856e-01 4.026987933692420099e-14 1.428829237156192811e-02 3.290000901909903575e-02 1.626755901903451096e-02 4.389351065406616974e+10 4.403116134593381500e+10 3.946625064026731078e+00
3.981071705535180664e+11 2.456700503477143194e+00 -8.988191909025196047e-01 -2.186983826119888619e+00 4.326846293464865489e-01 3.252596269147112540e-14 1.294881897663086034e-02 2.981575754746863469e-02 1.469966485487032501e-02 4.330492988954080200e+10 4.461974211045918274e+10 4.082230491579281306e+00
4.466835921509872437e+11 2.418511301798285107e+00 -8.831521863310882736e-01 -2.180077870495678916e+00 4.362346641151523263e-01 2.626952905785189476e-14 1.173416760367602431e-02 2.701891940291807973e-02 1.327879793111066270e-02 4.270646051828915405e+10 4.521821148171083069e+10 4.222928671895610719e+00
5.011872336273001709e+11 2.380598975614188095e+00 -8.673521264458234903e-01 -2.173055575396024786e+00 4.397380671582400979e-01 2.121435798332184576e-14 1.063236539084030582e-02 2.448192605221470239e-02 1.199127679473234800e-02 4.209798709911637878e+10 4.582668490088360596e+10 4.368961228796621299e+00
5.623413251903812256e+11 2.342965125583317487e+00 -8.514172749007207219e-01 -2.165968911971656752e+00 4.431874090976982150e-01 1.712888758481533337e-14 9.632281343482122435e-03 2.217914743302659697e-02 1.082474995760132098e-02 4.147943010033991241e+10 4.644524189966007233e+10 4.520578781518604927e+00
6.309573444802304688e+11 2.305610860940801476e+00 -8.353456569307212698e-01 -2.158842966702394506e+00 4.465747733350212134e-01 1.382708948763333338e-14 8.724303665007638459e-03 2.008845156579990715e-02 9.768059982630663413e-03 4.085074991999597168e+10 4.707392208000401306e+10 4.678039602523037743e+00
7.079457843841807861e+11 2.268537560153828903e+00 -8.191353772490076457e-01 -2.151595307816183578e+00 4.498916568053614173e-01 1.116016222380181483e-14 7.900789799384079840e-03 1.819224081494119974e-02 8.811042673112138776e-03 4.021189801379306793e+10 4.771277398620691681e+10 4.841622208648046488e+00
7.943282347243309326e+11 2.231747585390250865e+00 -8.027849491411608307e-01 -2.144198463223949247e+00 4.531288795764460975e-01 9.006463861687906860e-15 7.154088540363035854e-03 1.647289762699945953e-02 7.944414212063625677e-03 3.956279781663585663e+10 4.836187418336412811e+10 5.011634306076959255e+00
8.912509381338023682e+11 2.195242724605267703e+00 -7.862926210993125276e-01 -2.136724135341932840e+00 4.562766969601910194e-01 7.266702736512429201e-15 6.476455631056171613e-03 1.491259019150728733e-02 7.159777016600960171e-03 3.890340412435998535e+10 4.902126787563999939e+10 5.188400601809845192e+00
1.000000000000065430e+12 2.159024116240639835e+00 -7.696563215678488001e-01 -2.129203470340304882e+00 4.593247721319870247e-01 5.861328528495461208e-15 5.861328528495845028e-03 1.349620769485525978e-02 6.449557069441899139e-03 3.823372743203393555e+10 4.969094456796604919e+10 5.372256046283109931e+00
1.122018454302038818e+12 2.123092780968566018e+00 -7.528738845304608907e-01 -2.121586672269114793e+00 4.622620962254012644e-01 4.726576673773407463e-15 5.303306253647310439e-03 1.221131392323039806e-02 5.806869028989760338e-03 3.755378925033403778e+10 5.037088274966594696e+10 5.563558467106545891e+00
1.258925411794253662e+12 2.087450818158176791e+00 -7.359436173015808658e-01 -2.113795962635642400e+00 4.650768632034107952e-01 3.810815871898466955e-15 4.797532940801855009e-03 1.104672783263823711e-02 5.225417985093046627e-03 3.686358110136346436e+10 5.106109089863652039e+10 5.762704115620678635e+00
1.412537544622853760e+12 2.052100232665734048e+00 -7.188637724439105314e-01 -2.105904888890839377e+00 4.677565442584787903e-01 3.071588967153383660e-15 4.338734737753487981e-03 9.990305929606611846e-03 4.699492141036927355e-03 3.616311388652544403e+10 5.176155811347454071e+10 5.970119498685044768e+00
1.584893192461227539e+12 2.017042187022731969e+00 -7.016321744810246619e-01 -2.097951128428276579e+00 4.702879133786988519e-01 2.474875699310133329e-15 3.922413648024349921e-03 9.031691194497261724e-03 4.223942212934332120e-03 3.545246518406523895e+10 5.247220681593474579e+10 6.186248250260464765e+00
1.778279410039053711e+12 1.982277490265704767e+00 -6.842464312874533272e-01 -2.089928991653693835e+00 4.726569733575240462e-01 1.993337585199456188e-15 3.544711185017160749e-03 8.161999133589774302e-03 3.794099954732157911e-03 3.473175066170049286e+10 5.319292133829949188e+10 6.411560489774970506e+00
1.995262314969029785e+12 1.947807810315268506e+00 -6.667045403506962620e-01 -2.081725055094383769e+00 4.748488477070854641e-01 1.605046539900799115e-15 3.202488874835499478e-03 7.374003143675495614e-03 3.405699897800527811e-03 3.400106602202404022e+10 5.392360597797594452e+10 6.646574462290456786e+00
2.238721138568511719e+12 1.913635291991311993e+00 -6.490047273253231053e-01 -2.073380900455717324e+00 4.768478001791234266e-01 1.291934624262946181e-15 2.892281352986025410e-03 6.659723928130272495e-03 3.054856721005385061e-03 3.326050763907467651e+10 5.466416436092530823e+10 6.891859017072514249e+00
2.511886431509777344e+12 1.879761161158379323e+00 -6.311447268343152173e-01 -2.064958421462447014e+00 4.786373017715681577e-01 1.039434125963806053e-15 2.610940477456709114e-03 6.011912622086575293e-03 2.738065807249965254e-03 3.251024497713024521e+10 5.541442702286973572e+10 7.148013642507146770e+00
2.818382931264679688e+12 1.846186146519865456e+00 -6.131219687649488437e-01 -2.056486172484519592e+00 4.801999730461899984e-01 8.358530030135434357e-16 2.355753836739695687e-03 5.424323667240352372e-03 2.452159900016793060e-03 3.175051840262407684e+10 5.617415359737590790e+10 7.415670158895503405e+00
3.162277660168638184e+12 1.812911404473440014e+00 -5.949340637686759692e-01 -2.047842788831885308e+00 4.815175234341696475e-01 6.718622871170942311e-16 2.124615101260194511e-03 4.892107060511759371e-03 2.194249131822991437e-03 3.098156784997370911e+10 5.694310415002627563e+10 7.695520892896675846e+00
3.548133892336050781e+12 1.779939052483407780e+00 -5.765791235399246872e-01 -2.039012387730668507e+00 4.825707468507964837e-01 5.398067210214705339e-16 1.915306522167070950e-03 4.410156246456168119e-03 1.961692549148794269e-03 3.020361720704475403e+10 5.772105479295523071e+10 7.988336531506003979e+00
3.981071705535311035e+12 1.747270456923022186e+00 -5.580548313752544676e-01 -2.030086287212684582e+00 4.833396003817310160e-01 4.334559657884592110e-16 1.725619280995916707e-03 3.973385232604301556e-03 1.752104012172283351e-03 2.941696329771321869e+10 5.850770870228676605e+10 8.294942348912528018e+00
4.466835921510018555e+12 1.714906333888075673e+00 -5.393584633177034293e-01 -2.021107620683939121e+00 4.838031878117696194e-01 3.478269108257655815e-16 1.553685739744391572e-03 3.577493623532862661e-03 1.563332040768855048e-03 2.862200308393115997e+10 5.930266891606882477e+10 8.616209636810541639e+00
5.011872336273166016e+12 1.682847374536400098e+00 -5.204872245464249314e-01 -2.011988551080506227e+00 4.839397516685554623e-01 2.789412745269252130e-16 1.398018057246275215e-03 3.219055538351770027e-03 1.393418311721740001e-03 2.781916377322711945e+10 6.010550822677286530e+10 8.953087497330528777e+00
5.623413251903997070e+12 1.651095450766666195e+00 -5.014389771775921156e-01 -2.002640011821176902e+00 4.837267188950909458e-01 2.235689691507222992e-16 1.257220703836687582e-03 2.894857651257839136e-03 1.240570481981500368e-03 2.700885186622584534e+10 6.091582013377413940e+10 9.306638657894854560e+00
6.309573444802510742e+12 1.619652136027856404e+00 -4.822113953393212804e-01 -1.993170620819783023e+00 4.831407828572293339e-01 1.790560851389297547e-16 1.129767519922888650e-03 2.601385849923297001e-03 1.103164394451972615e-03 2.619153646730534744e+10 6.173313553269464111e+10 9.678021619651476115e+00
7.079457843842039062e+12 1.588518143119104220e+00 -4.628015962039801479e-01 -1.983626930349978057e+00 4.821579353744347429e-01 1.432854112513738211e-16 1.014383028591670692e-03 2.335703240221333882e-03 9.797371671983574285e-04 2.536780777472452164e+10 6.255686422527546692e+10 1.006846980796400537e+01
7.943282347243568359e+12 1.557693853085664548e+00 -4.432064281948965845e-01 -1.973982909272559150e+00 4.807535220832661604e-01 1.145609420282736868e-16 9.099899084967801293e-04 2.095329198079701888e-03 8.689613562408320981e-04 2.453832517333345795e+10 6.338634682666652679e+10 1.047932184799692656e+01
8.912509381338316406e+12 1.527180695063855120e+00 -4.234233526108046042e-01 -1.964088761776972669e+00 4.789024129708507882e-01 9.152275324065201646e-17 8.156973968632229418e-04 1.878212666411305460e-03 7.696228096285573101e-04 2.370374068732571793e+10 6.422093131267427063e+10 1.091207535656046801e+01
1.000000000000098242e+13 1.496980423566153240e+00 -4.034500282418670980e-01 -1.954023033593222269e+00 4.765791504325542771e-01 7.304940219650502761e-17 7.304940219651220390e-04 1.682024645498155207e-03 6.806168768308211567e-04 2.286474482571266174e+10 6.505992717428732300e+10 1.136839344128119045e+01
1.122018454302075391e+13 1.467093782327419493e+00 -3.832834250844238122e-01 -1.943860898902700418e+00 4.737580008083849825e-01 5.824212143843212138e-17 6.534873507162337371e-04 1.504710232219371802e-03 6.009485048878833663e-04 2.202216050210626221e+10 6.590251149789372253e+10 1.185006994182735340e+01
1.258925411794294922e+13 1.437521014593976743e+00 -3.629201124304979875e-01 -1.933632832531933410e+00 4.704131139838066411e-01 4.638159633588218712e-17 5.839097026682723863e-04 1.344501777018549662e-03 5.297182046569355899e-04 2.117692547655163193e+10 6.674774652344834900e+10 1.235904842396996450e+01
1.412537544622899805e+13 1.408262994756860564e+00 -3.423570263424152160e-01 -1.923159547626672961e+00 4.665188490191140569e-01 3.689606610923332313e-17 5.211707862818062108e-04 1.200040083396472761e-03 4.661046581465603167e-04 2.032999319501634598e+10 6.759467880498364258e+10 1.289749947699546873e+01
1.584893192461279492e+13 1.379321516791149005e+00 -3.215917237682431318e-01 -1.912448482365026514e+00 4.620501351312404914e-01 2.931557702049345258e-17 4.646205845285439015e-04 1.069828431833605214e-03 4.093579452658086112e-04 1.948232682712522125e+10 6.844234517287476349e+10 1.346787029914027833e+01
1.778279410039111719e+13 1.350697451166685825e+00 -3.006210895365921121e-01 -1.901618851977167513e+00 4.569825218066736472e-01 2.326013155797915725e-17 4.136301302435529850e-04 9.524185719119907618e-04 3.588017701721689422e-04 1.863501929340408707e+10 6.928965270659590149e+10 1.407284186802100301e+01
1.995262314969094922e+13 1.322391017413550030e+00 -2.794414748621260602e-01 -1.890731829964589661e+00 4.512924682929131404e-01 1.842697910244161746e-17 3.676665698182479789e-04 8.465835628557523852e-04 3.138267168029755506e-04 1.778931363950201416e+10 7.013535836049797058e+10 1.471533078045840881e+01
2.238721138568585156e+13 1.294402550667511864e+00 -2.580492378605627191e-01 -1.879637099792333732e+00 4.449578196354540549e-01 1.457595668421284545e-17 3.263150234380736208e-04 7.513681085885109924e-04 2.738779250168691531e-04 1.694649865275658035e+10 7.097817334724340820e+10 1.539859122999027718e+01
2.511886431509859375e+13 1.266733670371084308e+00 -2.364416743265808085e-01 -1.868236776035640201e+00 4.379585490313735452e-01 1.151192873496851949e-17 2.891665758987588459e-04 6.658306470566134356e-04 2.384479561257412186e-04 1.610784999386450005e+10 7.181682200613548279e+10 1.612632712443464555e+01
2.818382931264771875e+13 1.239385477260194435e+00 -2.146156739204935215e-01 -1.856690428573547269e+00 4.302768732910123850e-01 9.075516481811538797e-18 2.557828074474975612e-04 5.889616794727743111e-04 2.070781479625066659e-04 1.527474736570949364e+10 7.264992463429049683e+10 1.690266727702212890e+01
3.162277660168741406e+13 1.212358205837267944e+00 -1.925673933516939829e-01 -1.845063772460794782e+00 4.218975916549913552e-01 7.140433142097581331e-18 2.258003220918367493e-04 5.199244556419174842e-04 1.793559945846394930e-04 1.444873110679776382e+10 7.347594089320222473e+10 1.773214883091897676e+01
3.548133892336166406e+13 1.185651806200793690e+00 -1.702926707932885531e-01 -1.833290212735008806e+00 4.128087287977655340e-01 5.606233980222393358e-18 1.989166879359375900e-04 4.580226003890384393e-04 1.549073181838657020e-04 1.363141335606073761e+10 7.429325864393923950e+10 1.861984329188966925e+01
3.981071705535441406e+13 1.159267496686321897e+00 -1.477883372842862530e-01 -1.821169336024629271e+00 4.030026970125284991e-01 4.392571943995385320e-18 1.748714388076883734e-04 4.026563681890037421e-04 1.333903439694147409e-04 1.282438100947394180e+10 7.510029099052604675e+10 1.957154913715948297e+01
4.466835921510164844e+13 1.133206641546065985e+00 -1.250513498342697705e-01 -1.808843095385666011e+00 3.924766770593162701e-01 3.433541752545465691e-18 1.533706763827505121e-04 3.531490331413353009e-04 1.144952089361563611e-04 1.202926534414064407e+10 7.589540665585934448e+10 2.059385080040233618e+01
5.011872336273329688e+13 1.107469516310782609e+00 -1.020776977825229997e-01 -1.796407215609376662e+00 3.812327735212804880e-01 2.676882512748008845e-18 1.341619341309558473e-04 3.089192695771880476e-04 9.794350136819334786e-05 1.124783466208615494e+10 7.667683733791383362e+10 2.169409103067608058e+01
5.623413251904180469e+13 1.082055895486100594e+00 -7.886283850412917351e-02 -1.783888216720608488e+00 3.692788326830074297e-01 2.081073491714021024e-18 1.170273625149113080e-04 2.694654603992449691e-04 8.348388311878258343e-05 1.048193976651734734e+10 7.744273223348263550e+10 2.288051451402141723e+01
6.309573444802717188e+13 1.056966440711172739e+00 -5.540295682037601338e-02 -1.771018991949958821e+00 3.566298033071884088e-01 1.613326666017614728e-18 1.017940308969684366e-04 2.343894180991348440e-04 7.088751115632313418e-05 9.733386544237190247e+09 7.819128545576278687e+10 2.416258661176494371e+01
7.079457843842270312e+13 1.032202667463428147e+00 -3.169503097971061722e-02 -1.757853192448883384e+00 3.433085883030476682e-01 1.246858303976895369e-18 8.827080800249101258e-05 2.032510466530753333e-04 5.994649953751792312e-05 9.003935428067611694e+09 7.892073657193237305e+10 2.555124446814471995e+01
7.943282347243828125e+13 1.007764991768157037e+00 -7.734999379956602854e-03 -1.744553067766924315e+00 3.293457350260989847e-01 9.603065919587412971e-19 7.627986399847751871e-05 1.756408777385075196e-04 5.047420142772839042e-05 8.295417353044623375e+09 7.962925464695536804e+10 2.705890271044887285e+01
8.912509381338607812e+13 9.836531707009638081e-01 1.648191286144477449e-02 -1.731207873959891952e+00 3.147801702270354718e-01 7.368131144112342256e-19 6.566853794483442513e-05 1.512073965504896202e-04 4.230299457050349851e-05 7.609716747074945450e+09 8.031495525292503357e+10 2.869962989189458469e+01
1.000000000000130938e+14 9.598672711565640059e-01 4.096026329085356715e-02 -1.717561063286998202e+00 2.996602943347208559e-01 5.631517053662031604e-19 5.631517053662769189e-05 1.296704721870564332e-04 3.528104785206487699e-05 6.948631231536258698e+09 8.097604076846372986e+10 3.048967826353417010e+01
1.122018454302112188e+14 9.364087419613563723e-01 6.570320769627581436e-02 -1.703515115211852393e+00 2.840452180958129014e-01 4.286614677596924686e-19 4.809660774746048591e-05 1.107465320228844468e-04 2.927062274681638040e-05 6.313805919369487762e+09 8.161086608063049316e+10 3.244810553879352710e+01
1.258925411794336094e+14 9.132782624634053770e-01 9.071466665895616677e-02 -1.689308812403033766e+00 2.680037337838040989e-01 3.247885651052266650e-19 4.088845780711890043e-05 9.414915342218799514e-05 2.414823061068959172e-05 5.706839883315109253e+09 8.221783211668487549e+10 3.459698302303917927e+01
1.412537544622946250e+14 8.904756340805547454e-01 1.159995386924007471e-01 -1.675048266078312809e+00 2.516142170995505079e-01 2.448469739573806883e-19 3.458555434021169520e-05 7.963618185670697457e-05 1.980359722871723543e-05 5.129300237002272606e+09 8.279537176299771118e+10 3.696170288778198909e+01
1.584893192461331250e+14 8.680004474926736879e-01 1.415630487773649193e-01 -1.660585004080588067e+00 2.349648810668016063e-01 1.836020892754451127e-19 2.909897014143305363e-05 6.700285486914259018e-05 1.613762131057101359e-05 4.582596573650779724e+09 8.334207542634921265e+10 3.957189305190789952e+01
1.778279410039170000e+14 8.458538061089615478e-01 1.674087403263699037e-01 -1.645646593014388426e+00 2.181546609963988526e-01 1.369165689510971305e-19 2.434759154589443436e-05 5.606240134388438195e-05 1.306098990524535166e-05 4.067879117288880825e+09 8.385679288271110535e+10 4.246273552318423583e+01
1.995262314969160312e+14 8.240367257608149920e-01 1.935401799678062307e-01 -1.630489491271440716e+00 2.012913124610793969e-01 1.014728614161643597e-19 2.024649763757608727e-05 4.661928364562186453e-05 1.049394778050770617e-05 3.586098332798509598e+09 8.433857366720147705e+10 4.567589161588941948e+01
2.238721138568658125e+14 8.025490498936174166e-01 2.199623044830373852e-01 -1.615245654903788797e+00 1.844893608973066090e-01 7.469707043510960944e-20 1.672259105722318455e-05 3.850518888459764457e-05 8.365835967252227925e-06 3.138048132524774075e+09 8.478662386747520447e+10 4.926028101480515886e+01
2.511886431509941875e+14 7.813901067445047088e-01 2.466807573774514595e-01 -1.599921936165227931e+00 1.678689980373290480e-01 5.458612381487266899e-20 1.371141437593003611e-05 3.157169834588076336e-05 6.613913786490275519e-06 2.724280880036599636e+09 8.520039111996337891e+10 5.327381809904112231e+01
2.818382931264864375e+14 7.605604144580743187e-01 2.736997299934724182e-01 -1.584109116873713363e+00 1.515554394815878392e-01 3.958775010136689347e-20 1.115734391728713554e-05 2.569073378135315004e-05 5.182352983309433783e-06 2.345003764347156048e+09 8.557966823565283203e+10 5.778622662804329480e+01
3.162277660168845000e+14 7.400612273610347458e-01 3.010223565295859771e-01 -1.567956867609442195e+00 1.356761198654217737e-01 2.847206852907322154e-20 9.003658624828468231e-06 2.073169013193730035e-05 4.021792385477176843e-06 2.000089548990148544e+09 8.592458245100984192e+10 6.288206340553861651e+01
3.548133892336283125e+14 7.198924902880871057e-01 3.286533971655579145e-01 -1.551697798764680947e+00 1.203562186544665513e-01 2.029024223467860290e-20 7.199249615657623378e-06 1.657688484575635683e-05 3.089078011034839056e-06 1.689148630209269524e+09 8.623552336979071045e+10 6.866314757918519263e+01
3.981071705535571875e+14 7.000534448576395397e-01 3.565985970566018515e-01 -1.535466727495230721e+00 1.057159828155643105e-01 1.431526529661900255e-20 5.699009762960519725e-06 1.312245492502042367e-05 2.346594516765422720e-06 1.411502527809899330e+09 8.651316947219007874e+10 7.525245097617724355e+01
4.466835921510310625e+14 6.805438844169080514e-01 3.848629704806985075e-01 -1.518813231416376475e+00 9.186824723654865577e-02 9.993894507331529358e-21 4.464108698113306073e-06 1.027899014178075589e-05 1.761558390095395433e-06 1.166112536781596899e+09 8.675855946321838379e+10 8.280075921327866695e+01
5.011872336273493750e+14 6.613650483482007569e-01 4.134493247836145136e-01 -1.501668522264649530e+00 7.891536358745937507e-02 6.898091833382046868e-21 3.457235563280158746e-06 7.960579070977766717e-06 1.305569159776434316e-06 9.515826157098281384e+08 8.697308938429016113e+10 9.149556411633831488e+01
5.623413251904365000e+14 6.425170871343923729e-01 4.423618678046963848e-01 -1.484401824487743049e+00 6.694377227293143995e-02 4.701687513900799871e-21 2.643953187198304523e-06 6.087927195416912425e-06 9.543565031165688836e-07 7.662517744751098156e+08 8.715842022552487183e+10 1.015694547214094854e+02
6.309573444802923750e+14 6.239992163661267632e-01 4.716061664370128081e-01 -1.467203072504772887e+00 5.602094437635927321e-02 3.160782072099469272e-21 1.994318662692796980e-06 4.592088423396255226e-06 6.873561126462408359e-07 6.082291503756494522e+08 8.731644284962432861e+10 1.133111725314875713e+02
7.079457843842502500e+14 6.058105304143218683e-01 5.011879978819026027e-01 -1.449750714382661787e+00 4.619315889123044860e-02 2.093816937427235236e-21 1.482308874123952666e-06 3.413142316770601101e-06 4.872253441420702959e-07 4.753858595779991150e+08 8.744928614042198181e+10 1.270837562736035409e+02
7.943282347244088750e+14 5.879518870333482194e-01 5.311101592045567310e-01 -1.431667884844415095e+00 3.748425176784858648e-02 1.365357525573976838e-21 1.084542033056863928e-06 2.497250318042190486e-06 3.394655282717510780e-07 3.653869557915830016e+08 8.755928504420840454e+10 1.433512354371718232e+02
8.912509381338898750e+14 5.704237195956975981e-01 5.613758266027174537e-01 -1.413425482836316860e+00 2.989300658634182553e-02 8.749627797713999967e-22 7.798113983034963337e-07 1.795582101080472987e-06 2.321447177936849570e-07 2.757881890695880055e+08 8.764888381093038940e+10 1.627098074981876152e+02
