# [1] m:            [M_sun/h] 
# [2] sigma 
# [3] ln(1/sigma) 
# [4] n_eff 
# [5] f(sigma) 
# [6] dn/dm:        [h^4/(Mpc^3*M_sun)] 
# [7] dn/dlnm:      [h^3/Mpc^3] 
# [8] dn/dlog10m:   [h^3/Mpc^3] 
# [9] n(>m):        [h^3/Mpc^3] 
# [11] rho(>m):     [M_sun*h^2/Mpc^3] 
# [11] rho(<m):     [M_sun*h^2/Mpc^3] 
# [12] Lbox(N=1):   [Mpc/h]
1.000000000000000000e+10 3.814149197535317448e+00 -1.338717624802036932e+00 -2.368626576956247121e+00 2.506599442478291695e-01 2.319160161069828549e-11 2.319160161069828419e-01 5.340063615145057563e-01 2.625819522944490836e-01 4.211172676972346497e+10 4.581294523027651978e+10 1.561630834839469850e+00
1.122018454301965332e+10 3.768051445016417755e+00 -1.326558009756905410e+00 -2.363931265716672669e+00 2.521091886866005938e-01 1.866604161852427483e-11 2.094364316475276211e-01 4.822452054414635425e-01 2.371756631205499399e-01 4.184295317434384918e+10 4.608171882565613556e+10 1.615511146421598765e+00
1.258925411794171333e+10 3.722172683812813965e+00 -1.314307552579829785e+00 -2.359198257111080999e+00 2.535701340087297972e-01 1.502385180063006997e-11 1.891390881484281417e-01 4.355088448730574657e-01 2.142318118626870271e-01 4.157061288137490845e+10 4.635405911862507629e+10 1.671239453848890610e+00
1.412537544622761154e+10 3.676514866353191469e+00 -1.301965256261683690e+00 -2.354379244003790728e+00 2.550425695706766138e-01 1.209343475226382129e-11 1.708243063101830828e-01 3.933375012308762964e-01 1.935106532100887566e-01 4.129464359635777283e+10 4.663002840364221191e+10 1.728880756466187441e+00
1.584893192461123848e+10 3.631080337537084368e+00 -1.289530217645182608e+00 -2.349493421243710856e+00 2.565262443009969640e-01 9.735157954636193770e-12 1.542918556983666201e-01 3.552701269014474361e-01 1.747954625067807410e-01 4.101497629790586853e+10 4.690969570209411621e+10 1.788504134507658883e+00
1.778279410038937378e+10 3.585870726245257156e+00 -1.277001324964053719e+00 -2.344567565286628685e+00 2.580209007783399455e-01 7.836864225219819013e-12 1.393613429097915468e-01 3.208913507237174945e-01 1.578914255661516830e-01 4.073155137604025269e+10 4.719312062395973206e+10 1.850179301353193084e+00
1.995262314968899155e+10 3.540887289761135204e+00 -1.264377342564194873e+00 -2.339612589439322043e+00 2.595262629556049361e-01 6.308696068135316675e-12 1.258750352134286321e-01 2.898379796625413785e-01 1.426231923064952833e-01 4.044431705601051331e+10 4.748035494398947144e+10 1.913976564003611047e+00
2.238721138568365097e+10 3.496131690675199799e+00 -1.251657126041268775e+00 -2.334577333440603919e+00 2.610420081637908618e-01 5.078874700301246450e-12 1.137018415170447105e-01 2.618081653231186801e-01 1.288320386818538332e-01 4.015321248795400238e+10 4.777145951204598236e+10 1.979970441853440510e+00
2.511886431509613037e+10 3.451606373779245729e+00 -1.238839738266154011e+00 -2.329457072263759088e+00 2.625677508769374002e-01 4.089097603041098667e-12 1.027134878619741787e-01 2.365065460004066311e-01 1.163741708987657553e-01 3.985816422349893188e+10 4.806650777650105286e+10 2.048241368476879209e+00
2.818382931264495468e+10 3.407313202485815928e+00 -1.225924063565969169e+00 -2.324289776087204551e+00 2.641030861135356678e-01 3.292255051376342024e-12 9.278835442168396896e-02 2.136530816948176703e-01 1.051201802063851942e-01 3.955910577786834717e+10 4.836556622213163757e+10 2.118871572782966783e+00
3.162277660168431091e+10 3.363253544775070658e+00 -1.212908822356072447e+00 -2.319093011760255507e+00 2.656475848128076467e-01 2.650654783595744421e-12 8.382106406983409752e-02 1.930051326060988337e-01 9.495372484886233089e-02 3.925598277341864014e+10 4.866868922658134460e+10 2.191943378195437830e+00
3.548133892335818481e+10 3.319428808524933938e+00 -1.199792722501830999e+00 -2.313829576203429106e+00 2.672007727815012279e-01 2.134170983775929634e-12 7.572324399575051934e-02 1.743592128177660350e-01 8.576961621326574525e-02 3.894873636052418518e+10 4.897593563947579956e+10 2.267542893623687661e+00
3.981071705535050964e+10 3.275841363350142643e+00 -1.186574740932555994e+00 -2.308465605158090739e+00 2.687620942732641960e-01 1.718467442490637092e-12 6.841342112182657864e-02 1.575277236358418875e-01 7.747244280192558397e-02 3.863729161156326294e+10 4.928738038843672180e+10 2.345763638261828987e+00
4.466835921509725952e+10 3.232493350210257965e+00 -1.173253774495559343e+00 -2.303044917179147166e+00 2.703309501612723431e-01 1.383757752615155605e-12 6.181018836048945975e-02 1.423232183140171192e-01 6.997616925317913517e-02 3.832157570470478821e+10 4.960309629529519653e+10 2.426702916091130646e+00
5.011872336272837830e+10 3.189386255058476394e+00 -1.159828501752772967e+00 -2.297586744391761471e+00 2.719067105157315090e-01 1.114223031142032538e-12 5.584343586218821348e-02 1.285842629578436980e-01 6.320348222138263972e-02 3.800153011109769440e+10 4.992314188890229034e+10 2.510458218455787538e+00
5.623413251903628540e+10 3.146521346639304717e+00 -1.146297508210783134e+00 -2.292078530555127447e+00 2.734886957751115344e-01 8.971890618672984160e-13 5.045264859967550641e-02 1.161715165676797390e-01 5.708458773324458224e-02 3.767709802205797577e+10 5.024757397794200897e+10 2.597130128385013670e+00
6.309573444802097321e+10 3.103900757868064630e+00 -1.132659629473526719e+00 -2.286463375488947847e+00 2.750761326085739422e-01 7.224847521508143722e-13 4.558570606445203066e-02 1.049649672376155168e-01 5.155617563811222548e-02 3.734820686813862610e+10 5.057646513186135864e+10 2.686827399650839610e+00
7.079457843841575623e+10 3.061526875338631104e+00 -1.118913770384563744e+00 -2.280772948223436458e+00 2.766681712360455903e-01 5.818147400891786444e-13 4.118932925386983163e-02 9.484193553038423874e-02 4.656100306891225449e-02 3.701477845455545807e+10 5.090989354544452667e+10 2.779665631615821475e+00
7.943282347243049622e+10 3.019401318675859702e+00 -1.105058572885807333e+00 -2.275036595414714924e+00 2.782639193794208543e-01 4.685246973435915486e-13 3.721623957656743087e-02 8.569355846629921059e-02 4.204761571899518630e-02 3.667674905089208984e+10 5.124792294910789490e+10 2.875761566177461148e+00
8.912509381337731934e+10 2.977525342986356627e+00 -1.091092533709451917e+00 -2.269263696361264238e+00 2.798624232218081542e-01 3.772808663730152060e-13 3.362519260948725053e-02 7.742486725165891037e-02 3.796965507604625062e-02 3.633406455440032959e+10 5.159060744559965515e+10 2.975233915501086734e+00
1.000000000000032654e+11 2.935900747051371606e+00 -1.077014304680636414e+00 -2.263387292553026953e+00 2.814626277140075961e-01 3.038221628432361801e-13 3.038221628432460908e-02 6.995763830840680264e-02 3.428509243704462583e-02 3.598665799469699860e+10 5.193801400530298615e+10 3.078209860949108645e+00
1.122018454302001953e+11 2.894530037659115429e+00 -1.062822761978020392e+00 -2.257412200682141545e+00 2.830633640091466119e-01 2.446757789692563183e-13 2.745307393242232483e-02 6.321303879365908207e-02 3.095582550949299225e-02 3.563444840872849274e+10 5.229022359127149200e+10 3.184827173046561821e+00
1.258925411794212494e+11 2.853415022297854264e+00 -1.048516530385725787e+00 -2.251382638321648422e+00 2.846633978738162263e-01 1.970384717359485236e-13 2.480567391694812884e-02 5.711717498283598593e-02 2.794757016508062769e-02 3.527736726094153595e+10 5.264730473905844879e+10 3.295226829408628433e+00
1.412537544622807312e+11 2.812557019110743184e+00 -1.034094040786632140e+00 -2.245319877628265459e+00 2.862614161963469850e-01 1.586664968475500050e-13 2.241223838709406960e-02 5.160608601075172136e-02 2.522948864024094490e-02 3.491536276829901123e+10 5.300930923170097351e+10 3.409550944588973564e+00
1.584893192461175842e+11 2.771957489221911874e+00 -1.019553745431531322e+00 -2.239168028696479240e+00 2.878559960307003895e-01 1.277684248379911380e-13 2.024993067372195601e-02 4.662718850347505328e-02 2.277365677738528438e-02 3.454837614913906097e+10 5.337629585086092377e+10 3.527949904029419770e+00
1.778279410038995667e+11 2.731618878351304236e+00 -1.004894429177453974e+00 -2.232894681019782723e+00 2.894455643200683492e-01 1.028919502500853593e-13 1.829706365884834970e-02 4.213054602642730267e-02 2.055471341413773328e-02 3.417632865870091629e+10 5.374834334129907227e+10 3.650588303717312133e+00
1.995262314968964539e+11 2.691543234317220978e+00 -9.901147221695277834e-01 -2.226556205411349243e+00 2.910284448385389022e-01 8.285595063574977835e-14 1.653193558744403546e-02 3.806618844198639967e-02 1.854979505242740009e-02 3.379914887418767166e+10 5.412552312581231689e+10 3.777637620460873258e+00
2.238721138568438416e+11 2.651731954131027802e+00 -9.752129941124551005e-01 -2.220176215681498810e+00 2.926028608927000452e-01 6.671669918942486492e-14 1.493600847708772411e-02 3.439143046817489530e-02 1.673835457967337570e-02 3.341678674006889343e+10 5.450788525993109131e+10 3.909270708992664822e+00
2.511886431509695129e+11 2.612186257609462547e+00 -9.601875172981469975e-01 -2.213728104436146538e+00 2.941669086123128718e-01 5.371877192027679302e-14 1.349354543039072915e-02 3.107003655965561925e-02 1.510181790397762021e-02 3.302919367598034668e+10 5.489547832401963806e+10 4.045668154187683108e+00
2.818382931264587402e+11 2.572908339060444582e+00 -9.450369085144280090e-01 -2.207145138974002663e+00 2.957185027658635890e-01 4.325454006029938077e-14 1.219078574056480999e-02 2.807032151810891218e-02 1.362330895203351343e-02 3.263630038022420883e+10 5.528837161977577209e+10 4.187027353253387041e+00
3.162277660168534546e+11 2.533900483673447113e+00 -9.297598087021328173e-01 -2.200476310673124214e+00 2.972554028983749319e-01 3.482736357397378399e-14 1.101337937925446660e-02 2.535924318215935364e-02 1.228756983452681216e-02 3.223803567213553238e+10 5.568663632786445618e+10 4.333558533512275268e+00
3.548133892335934448e+11 2.495164166905887271e+00 -9.143545253979379339e-01 -2.193754314088026014e+00 2.987752395049312337e-01 2.803958060608948183e-14 9.948818627535145273e-03 2.290800146466390880e-02 1.108088871835623615e-02 3.183435161064508820e+10 5.609032038935489655e+10 4.485475293321110613e+00
3.981071705535180664e+11 2.456700503477143194e+00 -8.988191909025196047e-01 -2.186983826119888619e+00 3.002754859850647051e-01 2.257244328060594992e-14 8.986251526921805455e-03 2.069160880778513067e-02 9.990898461545015541e-03 3.142521302372226334e+10 5.649945897627772522e+10 4.642997875304466504e+00
4.466835921509872437e+11 2.418511301798285107e+00 -8.831521863310882736e-01 -2.180077870495678916e+00 3.017534068627252819e-01 1.817122879486190542e-14 8.116789751886370127e-03 1.868959908566039663e-02 9.006368264208881175e-03 3.101056764641946030e+10 5.691410435358052063e+10 4.806365197802487721e+00
5.011872336273001709e+11 2.380598975614188095e+00 -8.673521264458234903e-01 -2.173055575396024786e+00 3.032060512727016710e-01 1.462762083796091987e-14 7.331176822326684189e-03 1.688065846519288052e-02 8.117111825437553149e-03 3.059034995208391571e+10 5.733432204791606903e+10 4.975837135352071172e+00
5.623413251903812256e+11 2.342965125583317487e+00 -8.514172749007207219e-01 -2.165968911971656752e+00 3.046302965260971884e-01 1.177375078129578758e-14 6.620866616815159270e-03 1.524510877458050764e-02 7.313967644443221221e-03 3.016451682236025620e+10 5.776015517763972473e+10 5.151681301371952237e+00
6.309573444802304688e+11 2.305610860940801476e+00 -8.353456569307212698e-01 -2.158842966702394506e+00 3.060228225462801044e-01 9.475244024657754059e-15 5.978474808100227474e-03 1.376594697197202309e-02 6.588691250779410945e-03 2.973304982194375229e+10 5.819162217805622864e+10 5.334171169296752169e+00
7.079457843841807861e+11 2.268537560153828903e+00 -8.191353772490076457e-01 -2.151595307816183578e+00 3.073800701319510109e-01 7.624972357556447433e-15 5.398067036577995290e-03 1.242950868940703724e-02 5.933804859244937342e-03 2.929592123133567047e+10 5.862875076866431427e+10 5.523600327666215115e+00
7.943282347243309326e+11 2.231747585390250865e+00 -8.027849491411608307e-01 -2.144198463223949247e+00 3.086982033625324529e-01 6.135736074362436012e-15 4.873788404682709643e-03 1.122231252702964033e-02 5.342509328834023005e-03 2.885308078189186096e+10 5.907159121810812378e+10 5.720292506241887232e+00
8.912509381338023682e+11 2.195242724605267703e+00 -7.862926210993125276e-01 -2.136724135341932840e+00 3.099731543605014350e-01 4.936659671737232734e-15 4.399802563683117944e-03 1.013091979525373304e-02 4.808678520776940926e-03 2.840449599512190247e+10 5.952017600487808228e+10 5.924587056412697450e+00
1.000000000000065430e+12 2.159024116240639835e+00 -7.696563215678488001e-01 -2.129203470340304882e+00 3.112006098840628954e-01 3.971153143629065529e-15 3.971153143629325283e-03 9.143918030517327392e-03 4.326807575132666540e-03 2.795016825006700134e+10 5.997450374993298340e+10 6.136830660498386436e+00
1.122018454302038818e+12 2.123092780968566018e+00 -7.528738845304608907e-01 -2.121586672269114793e+00 3.123759764023146812e-01 3.194008367907454847e-15 3.583736331987300190e-03 8.251857855255118057e-03 3.891913177988357009e-03 2.749010187940721893e+10 6.043457012059276581e+10 6.357391431311344654e+00
1.258925411794253662e+12 2.087450818158176791e+00 -7.359436173015808658e-01 -2.113795962635642400e+00 3.134943274772568622e-01 2.568756378615965448e-15 3.233872681748219992e-03 7.446267029634129689e-03 3.499460055866127507e-03 2.702427608984508133e+10 6.090039591015490723e+10 6.586676285809349274e+00
1.412537544622853760e+12 2.052100232665734048e+00 -7.188637724439105314e-01 -2.105904888890839377e+00 3.145504307761908258e-01 2.065539530434862058e-15 2.917652136641902400e-03 6.718142316373871409e-03 3.145349822215928997e-03 2.655267801387984085e+10 6.137199398612014771e+10 6.825120895874697169e+00
1.584893192461227539e+12 2.017042187022731969e+00 -7.016321744810246619e-01 -2.097951128428276579e+00 3.155387536970313267e-01 1.660512999590006593e-15 2.631735749043574626e-03 6.059795504447254566e-03 2.825901376695402322e-03 2.607533409151226044e+10 6.184933790848772430e+10 7.073173855811865529e+00
1.778279410039053711e+12 1.982277490265704767e+00 -6.842464312874533272e-01 -2.089928991653693835e+00 3.164534286240995864e-01 1.334579935975062348e-15 2.373256021195692140e-03 5.464623936263562388e-03 2.537790890677633047e-03 2.559229016970801926e+10 6.233238183029196167e+10 7.331306705496057674e+00
1.995262314969029785e+12 1.947807810315268506e+00 -6.667045403506962620e-01 -2.081725055094383769e+00 3.172882053859356066e-01 1.072472511337276802e-15 2.139863985711463936e-03 4.927218914534041080e-03 2.277994819407694240e-03 2.510357210852711105e+10 6.282109989147286987e+10 7.600037863971690122e+00
2.238721138568511719e+12 1.913635291991311993e+00 -6.490047273253231053e-01 -2.073380900455717324e+00 3.180364532629664232e-01 8.616634187970804602e-16 1.929024109992236342e-03 4.441742159694230321e-03 2.043770792551988322e-03 2.460919920145834351e+10 6.331547279854164124e+10 7.879934433512311820e+00
2.511886431509777344e+12 1.879761161158379323e+00 -6.311447268343152173e-01 -2.064958421462447014e+00 3.186911784764320243e-01 6.920866495902989579e-16 1.738443064534933710e-03 4.002913085417024452e-03 1.832654411424207820e-03 2.410923207318958664e+10 6.381543992681039429e+10 8.171588234660950079e+00
2.818382931264679688e+12 1.846186146519865456e+00 -6.131219687649488437e-01 -2.056486172484519592e+00 3.192449922098408721e-01 5.556890887412930754e-16 1.566144642798484362e-03 3.606181307980274933e-03 1.642427051589276160e-03 2.360377050040885544e+10 6.432090149959112549e+10 8.475616612093467950e+00
3.162277660168638184e+12 1.812911404473440014e+00 -5.949340637686759692e-01 -2.047842788831885308e+00 3.196900780940997722e-01 4.460641546440185647e-16 1.410578711232788598e-03 3.247977512979372070e-03 1.471073081065285820e-03 2.309290533602180481e+10 6.483176666397817993e+10 8.792693147804962805e+00
3.548133892336050781e+12 1.779939052483407780e+00 -5.765791235399246872e-01 -2.039012387730668507e+00 3.200181815023531162e-01 3.579743827228923793e-16 1.270141039927171183e-03 2.924607824536259656e-03 1.316758447627395774e-03 2.257670766417047882e+10 6.534796433582950592e+10 9.123566227497262204e+00
3.981071705535311035e+12 1.747270456923022186e+00 -5.580548313752544676e-01 -2.030086287212684582e+00 3.202206242431398509e-01 2.871718763309918538e-16 1.143251831486797243e-03 2.632434624719640504e-03 1.177832386395998932e-03 2.205528738554120255e+10 6.586938461445878601e+10 9.469030223401858848e+00
4.466835921510018555e+12 1.714906333888075673e+00 -5.393584633177034293e-01 -2.021107620683939121e+00 3.202882823933179690e-01 2.302690156764776334e-16 1.028573910834443966e-03 2.368378954129977693e-03 1.052812046924758976e-03 2.152881060581122971e+10 6.639586139418875122e+10 9.829913995195598275e+00
5.011872336273166016e+12 1.682847374536400098e+00 -5.204872245464249314e-01 -2.011988551080506227e+00 3.202115678251639674e-01 1.845688901138060412e-16 9.250357144980263322e-04 2.129973446690251477e-03 9.403532369042538102e-04 2.099745272624824905e+10 6.692721927375173950e+10 1.020711462894364807e+01
5.623413251903997070e+12 1.651095450766666195e+00 -5.014389771775921156e-01 -2.002640011821176902e+00 3.199804334505471637e-01 1.478886587417450321e-16 8.316390433746369010e-04 1.914919664026267735e-03 8.392309091363412419e-04 2.046136423601124954e+10 6.746330776398873901e+10 1.060163488116420361e+01
6.309573444802510742e+12 1.619652136027856404e+00 -4.822113953393212804e-01 -1.993170620819783023e+00 3.195843801978958676e-01 1.184406906230815708e-16 7.473102363394651957e-04 1.720745410037109822e-03 7.483392822847571933e-04 1.992072538202493286e+10 6.800394661797505188e+10 1.101455998202313680e+01
7.079457843842039062e+12 1.588518143119104220e+00 -4.628015962039801479e-01 -1.983626930349978057e+00 3.190124424780093060e-01 9.480260649297289982e-17 6.711510561533472023e-04 1.545382417045907016e-03 6.666860866076821735e-04 1.937578440156175613e+10 6.854888759843823242e+10 1.144703127627647277e+01
7.943282347243568359e+12 1.557693853085664548e+00 -4.432064281948965845e-01 -1.973982909272559150e+00 3.182531852234127823e-01 7.583799811741805447e-17 6.024026316963777524e-04 1.387083319724461859e-03 5.933744431884232715e-04 1.882682279851639557e+10 6.909784920148358154e+10 1.190027655572825616e+01
8.912509381338316406e+12 1.527180695063855120e+00 -4.234233526108046042e-01 -1.964088761776972669e+00 3.172947522338316895e-01 6.063801001357315170e-17 5.404368331116575020e-04 1.244401795627813646e-03 5.275873153046166603e-04 1.827410437038113785e+10 6.965056762961885071e+10 1.237566519188130876e+01
1.000000000000098242e+13 1.496980423566153240e+00 -4.034500282418670980e-01 -1.954023033593222269e+00 3.161248916779917928e-01 4.845519224991841490e-17 4.845519224992317375e-04 1.115722033528337206e-03 4.685842195757131600e-04 1.771790529505685043e+10 7.020676670494313049e+10 1.287470975137278728e+01
1.122018454302075391e+13 1.467093782327419493e+00 -3.832834250844238122e-01 -1.943860898902700418e+00 3.147309315920545081e-01 3.869189988757415976e-17 4.341302570586660393e-04 9.996218583209575109e-04 4.157006222794810035e-04 1.715857624358477783e+10 7.076609575641520691e+10 1.339902225505950994e+01
1.258925411794294922e+13 1.437521014593976743e+00 -3.629201124304979875e-01 -1.933632832531933410e+00 3.130998070156992830e-01 3.087088439958899555e-17 3.886414085520665347e-04 8.948799138521971574e-04 3.683380779751523320e-04 1.659653093448161316e+10 7.132814106551837158e+10 1.395032934748877373e+01
1.412537544622899805e+13 1.408262994756860564e+00 -3.423570263424152160e-01 -1.923159547626672961e+00 3.112181599837215984e-01 2.461363743243496858e-17 3.476768698304998875e-04 8.005555776505403516e-04 3.259521906875840623e-04 1.603218046597124481e+10 7.189249153402874756e+10 1.453054928767371656e+01
1.584893192461279492e+13 1.379321516791149005e+00 -3.215917237682431318e-01 -1.912448482365026514e+00 3.090724482313122468e-01 1.960964075568104553e-17 3.107918614029014687e-04 7.156247070901924868e-04 2.880476835690659230e-04 1.546592958181799507e+10 7.245874241818199158e+10 1.514183598547841747e+01
1.778279410039111719e+13 1.350697451166685825e+00 -3.006210895365921121e-01 -1.901618851977167513e+00 3.066489002391214469e-01 1.560824193772792815e-17 2.775581526477054173e-04 6.391012647255724013e-04 2.541795342736719553e-04 1.489825724516405106e+10 7.302641475483593750e+10 1.578652251958121333e+01
1.995262314969094922e+13 1.322391017413550030e+00 -2.794414748621260602e-01 -1.890731829964589661e+00 3.039335823238232259e-01 1.241008473107562060e-17 2.476137438948856212e-04 5.701517155128091275e-04 2.239482097677125499e-04 1.432973153222177124e+10 7.359494046777821350e+10 1.646711309864317130e+01
2.238721138568585156e+13 1.294402550667511864e+00 -2.580492378605627191e-01 -1.879637099792333732e+00 3.009125490863255870e-01 9.857312508434613260e-18 2.206777388210909372e-04 5.081292717650774150e-04 1.969911850857654920e-04 1.376094103882086754e+10 7.416373096117912292e+10 1.718637969627879158e+01
2.511886431509859375e+13 1.266733670371084308e+00 -2.364416743265808085e-01 -1.868236776035640201e+00 2.975721167236385356e-01 7.821811011139466588e-18 1.964750094871563863e-04 4.524004279909900252e-04 1.729779425918639036e-04 1.319245647919442940e+10 7.473221552080555725e+10 1.794746400129198349e+01
2.818382931264771875e+13 1.239385477260194435e+00 -2.146156739204935215e-01 -1.856690428573547269e+00 2.938988360374202302e-01 6.198993940905697494e-18 1.747113871406235969e-04 4.022878356063115538e-04 1.516107360019314590e-04 1.262491156269240761e+10 7.529976043730757141e+10 1.875383171684012495e+01
3.162277660168741406e+13 1.212358205837267944e+00 -1.925673933516939829e-01 -1.845063772460794782e+00 2.898795707528599164e-01 4.906085588451007991e-18 1.551440485523443728e-04 3.572323734633726651e-04 1.326227307751894307e-04 1.205904428183727074e+10 7.586562771816271973e+10 1.960923620952652158e+01
3.548133892336166406e+13 1.185651806200793690e+00 -1.702926707932885531e-01 -1.833290212735008806e+00 2.855017211059230342e-01 3.877314936962317428e-18 1.375723253909726606e-04 3.167719856537799285e-04 1.157726217972606823e-04 1.149563993870400238e+10 7.642903206129598999e+10 2.051782763860314418e+01
3.981071705535441406e+13 1.159267496686321897e+00 -1.477883372842862530e-01 -1.821169336024629271e+00 2.807537031056123733e-01 3.060105673179116397e-18 1.218250011144186498e-04 2.805124315200433990e-04 1.008405113679151655e-04 1.093546755804995537e+10 7.698920444195002747e+10 2.148432203644279426e+01
4.466835921510164844e+13 1.133206641546065985e+00 -1.250513498342697705e-01 -1.808843095385666011e+00 2.756250630316008365e-01 2.411277452351516955e-18 1.077078074089127089e-04 2.480063917388360822e-04 8.762754078644323407e-05 1.037933156716032028e+10 7.754534043283966064e+10 2.251402403817883524e+01
5.011872336273329688e+13 1.107469516310782609e+00 -1.020776977825229997e-01 -1.796407215609376662e+00 2.701064895299978841e-01 1.896592813162859373e-18 9.505481053465747324e-05 2.188717897544756959e-04 7.595558624911049586e-05 9.828141235249261856e+09 7.809653076475071716e+10 2.361276038023046198e+01
5.623413251904180469e+13 1.082055895486100594e+00 -7.886283850412917351e-02 -1.783888216720608488e+00 2.641901592411461941e-01 1.488845524055282796e-18 8.372393650010702057e-05 1.927814881119265249e-04 6.566425430245048981e-05 9.282879374441387177e+09 7.864179262555859375e+10 2.478698255429473463e+01
6.309573444802717188e+13 1.056966440711172739e+00 -5.540295682037601338e-02 -1.771018991949958821e+00 2.578703782188085936e-01 1.166557460140533791e-18 7.360479972339215883e-05 1.694813146158950486e-04 5.660768423425499113e-05 8.744518180176109314e+09 7.918015381982388306e+10 2.604403100965667761e+01
7.079457843842270312e+13 1.032202667463428147e+00 -3.169503097971061722e-02 -1.757853192448883384e+00 2.511440144070844482e-01 9.121269042682625314e-19 6.457363967001519204e-05 1.486863001045459290e-04 4.865349386624399854e-05 8.214024881266682625e+09 7.971064711873330688e+10 2.739230985700828924e+01
7.943282347243828125e+13 1.007764991768157037e+00 -7.734999379956602854e-03 -1.744553067766924315e+00 2.440103809100489518e-01 7.114856892733538110e-19 5.651531715921638733e-05 1.301313268166422621e-04 4.168305319321432629e-05 7.692452815098418236e+09 8.023221918490156555e+10 2.884121104351751086e+01
8.912509381338607812e+13 9.836531707009638081e-01 1.648191286144477449e-02 -1.731207873959891952e+00 2.364716761943017054e-01 5.535146387432883327e-19 4.933204410507807767e-05 1.135912293632775744e-04 3.558998928871635680e-05 7.180939622982408524e+09 8.074373237701757812e+10 3.040119914322881556e+01
1.000000000000130938e+14 9.598672711565640059e-01 4.096026329085356715e-02 -1.717561063286998202e+00 2.285336740525608923e-01 4.294834207582625085e-19 4.294834207583187651e-05 9.889221223261943289e-05 3.027790324881895567e-05 6.680613368066330910e+09 8.124405863193365479e+10 3.208421375174273038e+01
1.122018454302112188e+14 9.364087419613563723e-01 6.570320769627581436e-02 -1.703515115211852393e+00 2.202065858250174257e-01 3.323206034690647419e-19 3.728698498371051584e-05 8.585645578618467252e-05 2.565918654834887404e-05 6.192551517952070236e+09 8.173212048204791260e+10 3.390411183656285488e+01
1.258925411794336094e+14 9.132782624634053770e-01 9.071466665895616677e-02 -1.689308812403033766e+00 2.115048161885268729e-01 2.563186146433743105e-19 3.226860174904637419e-05 7.430120135911577476e-05 2.165524511971637946e-05 5.717871022124794006e+09 8.220680097787518311e+10 3.587668427284332751e+01
1.412537544622946250e+14 8.904756340805547454e-01 1.159995386924007471e-01 -1.675048266078312809e+00 2.024472677424900280e-01 1.970023850960561607e-19 2.782732653284472865e-05 6.407478725240596182e-05 1.819584540442835164e-05 5.257751739185821533e+09 8.266692026081416321e+10 3.801974974356733838e+01
1.584893192461331250e+14 8.680004474926736879e-01 1.415630487773649193e-01 -1.660585004080588067e+00 1.930579409597115437e-01 1.508559115323329979e-19 2.390905072301434154e-05 5.505262378245133861e-05 1.521766012855693031e-05 4.813350310891591072e+09 8.311132168910839844e+10 4.035376307963969111e+01
1.778279410039170000e+14 8.458538061089615478e-01 1.674087403263699037e-01 -1.645646593014388426e+00 1.833670500464540110e-01 1.150834331770662072e-19 2.046504996553955366e-05 4.712251897802968671e-05 1.266328155954491585e-05 4.385726476122212410e+09 8.353894552387777710e+10 4.290269549338776756e+01
1.995262314969160312e+14 8.240367257608149920e-01 1.935401799678062307e-01 -1.630489491271440716e+00 1.734107212759620209e-01 8.741799073675947330e-20 1.744218225673793051e-05 4.016210885365000400e-05 1.048116586375293189e-05 3.975899107289245605e+09 8.394877289271073914e+10 4.569445151927649817e+01
2.238721138568658125e+14 8.025490498936174166e-01 2.199623044830373852e-01 -1.615245654903788797e+00 1.632306595477331923e-01 6.608973012917205809e-20 1.479564758824754251e-05 3.406823757789209894e-05 8.625407202964386090e-06 3.584891042527288914e+09 8.433978095747270203e+10 4.876109663097594904e+01
2.511886431509941875e+14 7.813901067445047088e-01 2.466807573774514595e-01 -1.599921936165227931e+00 1.528744621219598476e-01 4.971033612570751802e-20 1.248667188199632016e-05 2.875162453659263443e-05 7.054910650102274447e-06 3.213665794585436821e+09 8.471100620541455078e+10 5.213981598063941902e+01
2.818382931264864375e+14 7.605604144580743187e-01 2.736997299934724182e-01 -1.584109116873713363e+00 1.423963992895435349e-01 3.719532000759203610e-20 1.048306550323318940e-05 2.413815035662486753e-05 5.732666277771842404e-06 2.863037378298558712e+09 8.506163462170143127e+10 5.587460250071999468e+01
3.162277660168845000e+14 7.400612273610347458e-01 3.010223565295859771e-01 -1.567956867609442195e+00 1.318570160799386881e-01 2.767061736133806693e-20 8.750217512483957026e-06 2.014812040470100125e-05 4.625509508738700173e-06 2.533676123279573917e+09 8.539099587672041321e+10 6.001780948961813067e+01
3.548133892336283125e+14 7.198924902880871057e-01 3.286533971655579145e-01 -1.551697798764680947e+00 1.213216171678534044e-01 2.045299385572988964e-20 7.256996069926097723e-06 1.670985097052821028e-05 3.704060224357973443e-06 2.226169274243081570e+09 8.569850272575689697e+10 6.463096696277833075e+01
3.981071705535571875e+14 7.000534448576395397e-01 3.565985970566018515e-01 -1.535466727495230721e+00 1.108598295000052247e-01 1.501180642476017281e-20 5.976307780658983710e-06 1.376095720688970650e-05 2.942290019922529081e-06 1.940988909388448238e+09 8.598368309061154175e+10 6.978651436466277858e+01
4.466835921510310625e+14 6.805438844169080514e-01 3.848629704806985075e-01 -1.518813231416376475e+00 1.005453030796324004e-01 1.093782871026366295e-20 4.885748618633252467e-06 1.124985193738117933e-05 2.317019791315759391e-06 1.678402409080946684e+09 8.624626959091903687e+10 7.557127547285213609e+01
5.011872336273493750e+14 6.613650483482007569e-01 4.134493247836145136e-01 -1.501668522264649530e+00 9.045494727624105169e-02 7.906781452051728518e-21 3.962777922849842289e-06 9.124633371999956157e-06 1.807657658581233376e-06 1.438445558277619839e+09 8.648622644172236633e+10 8.209082207997983005e+01
5.623413251904365000e+14 6.425170871343923729e-01 4.423618678046963848e-01 -1.484401824487743049e+00 8.066603445612885448e-02 5.665448392301434059e-21 3.185915756724816516e-06 7.335842128969407674e-06 1.396145771057001059e-06 1.220985634733397245e+09 8.670368636526658630e+10 8.947253555217670851e+01
6.309573444802923750e+14 6.239992163661267632e-01 4.716061664370128081e-01 -1.467203072504772887e+00 7.125448222950600541e-02 4.020280137990590024e-21 2.536625279933406059e-06 5.840795556086509615e-06 1.066729828930604482e-06 1.025722133785570025e+09 8.689894986621441650e+10 9.786975929373504357e+01
7.079457843842502500e+14 6.058105304143218683e-01 5.011879978819026027e-01 -1.449750714382661787e+00 6.229326654225939008e-02 2.823593356777634115e-21 1.998951013746100407e-06 4.602754805877107340e-06 8.056410698815152016e-07 8.521272909081786871e+08 8.707254470909181213e+10 1.074697241533026641e+02
7.943282347244088750e+14 5.879518870333482194e-01 5.311101592045567310e-01 -1.431667884844415095e+00 5.385109889509444997e-02 1.961517161719397916e-21 1.558088464450202284e-06 3.587631271809019170e-06 6.008814179393628965e-07 6.994208489993495941e+08 8.722525115100064087e+10 1.185051093590938081e+02
8.912509381338898750e+14 5.704237195956975981e-01 5.613758266027174537e-01 -1.413425482836316860e+00 4.598894273255650644e-02 1.346087856897287606e-21 1.199702065270344861e-06 2.762416091525666150e-06 4.421302338559964094e-07 5.666267802976864576e+08 8.735804521970230103e+10 1.312652979529772495e+02
